2026-07-07_19-51-24,0,draft.go:2026-07-07_19-51-24
2026-07-07_19-51-46,0,draft.go:2026-07-07_19-51-24
2026-07-07_19-51-57,0,draft.go:2026-07-07_19-51-24
